X_A <- c(0.02749997, 0.02960002, 0.0255    , 0.02579999, 0.02649999,
         0.03130001, 0.02700001, 0.02710003, 0.02759999, 0.02810001,
         0.02450001, 0.02600002, 0.02670002, 0.0255    , 0.02600002,
         0.02569997, 0.02640003, 0.0273    , 0.0262    , 0.0237    ,
         0.0262    , 0.02600002, 0.02509999, 0.0273    , 0.0266    ,
         0.02929997, 0.02770001, 0.028     , 0.02789998, 0.02600002,
         0.02340001, 0.02609998, 0.02460003, 0.02569997, 0.02499998,
         0.0262    , 0.02700001, 0.02780002, 0.02380002, 0.02679998,
         0.0273    , 0.02569997, 0.02899998, 0.02530003, 0.0266    ,
         0.0273    , 0.02359998, 0.02420002, 0.02460003, 0.02960002,
         0.02579999, 0.02719998, 0.02670002, 0.02649999, 0.02520001,
         0.0248    , 0.02420002, 0.02630001, 0.0266    , 0.02850002,
         0.02679998, 0.02999997, 0.0262    , 0.0262    , 0.02630001,
         0.02899998, 0.02490002, 0.02640003, 0.0255    , 0.02740002,
         0.02499998, 0.02890003, 0.02579999, 0.0273    , 0.0302    ,
         0.0262    , 0.02810001, 0.02609998, 0.02649999, 0.02530003,
         0.02579999, 0.02780002, 0.0291    , 0.02569997, 0.02749997,
         0.02460003, 0.02749997, 0.02410001, 0.02689999, 0.02759999,
         0.02429998, 0.02640003, 0.02569997, 0.02609998, 0.0273    ,
         0.02410001, 0.0266    , 0.02689999, 0.02689999, 0.02649999,
         0.0273    , 0.02640003, 0.0284    , 0.02770001, 0.02710003,
         0.02689999, 0.02810001, 0.02310002, 0.02630001, 0.02869999,
         0.02819997, 0.0298    , 0.02689999, 0.0291    , 0.0255    ,
         0.02460003, 0.0248    , 0.02759999, 0.02929997, 0.02590001,
         0.0266    , 0.02460003, 0.02759999, 0.023     , 0.02679998,
         0.0255    , 0.02719998, 0.02759999, 0.02649999, 0.02810001,
         0.02689999, 0.02749997, 0.0273    , 0.02929997, 0.02700001,
         0.02450001, 0.02719998, 0.02569997, 0.02560002, 0.02689999,
         0.02630001, 0.02560002, 0.02609998, 0.02990001, 0.02689999,
         0.0273    , 0.02579999, 0.0266    , 0.02490002, 0.0244    ,
         0.02689999, 0.02630001, 0.02670002, 0.02630001, 0.0284    ,
         0.02829999, 0.02810001, 0.02520001, 0.02700001, 0.02520001,
         0.02869999, 0.02490002, 0.0262    , 0.02679998, 0.02749997,
         0.02579999, 0.02719998, 0.02630001, 0.02630001, 0.02749997,
         0.02600002, 0.0255    , 0.0266    , 0.0255    , 0.0248    ,
         0.02429998, 0.02719998, 0.0244    , 0.02670002, 0.02389997,
         0.02859998, 0.02630001, 0.02410001, 0.02689999, 0.02850002,
         0.02579999, 0.02880001, 0.02569997, 0.02770001, 0.02719998,
         0.02609998, 0.02819997, 0.02530003, 0.02749997, 0.02689999,
         0.02770001, 0.02450001, 0.02920002, 0.02569997, 0.0262    ,
         0.02759999, 0.02810001, 0.02560002, 0.02789998, 0.0266    ,
         0.02649999, 0.02609998, 0.02560002, 0.0255    , 0.0266    ,
         0.02569997, 0.02429998, 0.02579999, 0.02670002, 0.0284    ,
         0.02460003, 0.02590001, 0.02700001, 0.02780002, 0.02640003,
         0.02670002, 0.02859998, 0.0262    , 0.02700001, 0.028     ,
         0.02569997, 0.0262    , 0.02499998, 0.02490002, 0.028     ,
         0.0291    , 0.02719998, 0.02590001, 0.02630001, 0.0226    ,
         0.02450001, 0.02670002, 0.02590001, 0.02770001, 0.02429998,
         0.02710003, 0.02749997, 0.0244    , 0.02759999, 0.02689999,
         0.02689999, 0.02819997, 0.0248    , 0.02609998, 0.02530003,
         0.02450001, 0.02789998, 0.02569997, 0.02499998, 0.02859998,
         0.02810001, 0.02789998, 0.0273    , 0.02780002, 0.02499998,
         0.02569997, 0.0262    , 0.02740002, 0.02719998, 0.02770001,
         0.0266    , 0.02819997, 0.02590001, 0.0266    , 0.02710003,
         0.02499998, 0.02950001, 0.02939999, 0.02579999, 0.02770001,
         0.02700001, 0.02530003, 0.02359998, 0.0266    , 0.02469999,
         0.02579999, 0.02829999, 0.02630001, 0.02350003, 0.0273    ,
         0.02710003, 0.02590001, 0.02780002, 0.02590001, 0.02579999,
         0.02579999, 0.02869999, 0.02499998, 0.02590001, 0.02859998,
         0.02509999, 0.02539998, 0.02640003, 0.02670002, 0.02850002,
         0.02539998, 0.02499998, 0.02679998, 0.02420002, 0.02640003,
         0.0262    , 0.02780002, 0.0255    , 0.02719998, 0.02789998,
         0.02819997, 0.02350003, 0.02509999, 0.02819997, 0.0266    ,
         0.02789998, 0.02670002, 0.02770001, 0.02770001, 0.02600002,
         0.02640003, 0.02600002, 0.02829999, 0.02749997, 0.02719998,
         0.0255    , 0.0266    , 0.0248    , 0.02560002, 0.02700001,
         0.02460003, 0.02520001, 0.02520001, 0.02590001, 0.02679998,
         0.02899998, 0.02560002, 0.02999997, 0.02609998, 0.02740002,
         0.02600002, 0.02850002, 0.02590001, 0.02640003, 0.02420002,
         0.02649999, 0.02630001, 0.028     , 0.02679998, 0.02649999,
         0.02569997, 0.0266    , 0.0273    , 0.02759999, 0.02539998,
         0.02689999, 0.028     , 0.02530003, 0.02590001, 0.02789998,
         0.0237    , 0.02789998, 0.02850002, 0.0291    , 0.02530003,
         0.02649999, 0.02490002, 0.02640003, 0.02770001, 0.02530003,
         0.02600002, 0.0273    , 0.0273    , 0.02600002, 0.0248    ,
         0.02829999, 0.02770001, 0.02630001, 0.02740002, 0.02600002,
         0.02789998, 0.02740002, 0.02859998, 0.02509999, 0.02560002,
         0.02560002, 0.02700001, 0.02829999, 0.02609998, 0.02689999,
         0.02569997, 0.02869999, 0.02450001, 0.02590001, 0.02600002,
         0.028     , 0.02670002, 0.02579999, 0.02640003, 0.02560002,
         0.02590001, 0.02700001, 0.02679998, 0.02600002, 0.02670002,
         0.02530003, 0.02719998, 0.02560002, 0.02560002, 0.02350003,
         0.02469999, 0.02590001, 0.02679998, 0.02499998, 0.0266    ,
         0.02689999, 0.02670002, 0.02420002, 0.02700001, 0.02499998,
         0.0316    , 0.02609998, 0.02819997, 0.02640003, 0.02670002,
         0.02770001, 0.02719998, 0.02679998, 0.02670002, 0.02679998,
         0.02780002, 0.02399999, 0.02759999, 0.02569997, 0.02920002,
         0.02700001, 0.02450001, 0.02579999, 0.02920002, 0.02509999,
         0.02340001, 0.02609998, 0.02700001, 0.02579999, 0.0291    ,
         0.02499998, 0.0266    , 0.0266    , 0.02969998, 0.02679998,
         0.0262    , 0.0262    , 0.0248    , 0.02829999, 0.0248    ,
         0.02740002, 0.02770001, 0.03280002, 0.02499998, 0.02509999,
         0.02329999, 0.02780002, 0.02749997, 0.0262    , 0.02380002,
         0.02810001, 0.02389997, 0.02810001, 0.02469999, 0.02810001,
         0.02869999, 0.02890003, 0.02749997, 0.02719998, 0.02700001,
         0.02389997, 0.0284    , 0.0266    , 0.02710003, 0.028     ,
         0.0284    , 0.02490002, 0.02789998, 0.02490002, 0.0248    ,
         0.02590001, 0.02579999, 0.02649999, 0.02710003, 0.02829999,
         0.02929997, 0.02600002, 0.02539998, 0.02539998, 0.02759999,
         0.0262    , 0.0302    , 0.02539998, 0.0248    , 0.0248    ,
         0.02499998, 0.02579999, 0.02689999, 0.02560002, 0.02759999,
         0.02719998, 0.0262    , 0.0255    , 0.0273    , 0.0255    ,
         0.0316    , 0.03060001, 0.0262    , 0.02539998, 0.02869999,
         0.02689999, 0.0266    , 0.02649999, 0.0248    , 0.0255    ,
         0.02710003, 0.02719998, 0.02679998, 0.02509999, 0.0255    ,
         0.02670002, 0.02810001, 0.0262    , 0.02560002, 0.02850002,
         0.02499998, 0.02920002, 0.02490002, 0.02380002, 0.02590001,
         0.02740002, 0.02560002, 0.02630001, 0.02960002, 0.02649999,
         0.02810001, 0.0273    , 0.02579999, 0.0302    , 0.02689999,
         0.02450001, 0.0273    , 0.02670002, 0.02429998, 0.02710003,
         0.02670002, 0.02700001, 0.02590001, 0.02719998, 0.02630001,
         0.0266    , 0.02490002, 0.02560002, 0.0273    , 0.0255    ,
         0.02710003, 0.0284    , 0.02560002, 0.02780002, 0.02509999,
         0.02640003, 0.02700001, 0.02579999, 0.02700001, 0.02600002,
         0.028     , 0.02759999, 0.02600002, 0.02640003, 0.02520001,
